100 3
101 4
102 4
103 4
104 5
105 4
106 5
107 5
108 4
109 5
110 4
111 5
112 5
113 5
114 5
115 4
116 5
117 5
118 5
119 6
120 4
121 5
122 5
123 5
124 5
125 3
126 4
127 4
128 4
129 5
130 4
131 5
132 5
133 5
134 6
135 4
136 5
137 5
138 5
139 6
140 4
141 5
142 5
143 5
144 5
145 5
146 6
147 6
148 6
149 7
150 4
151 5
152 5
153 5
154 5
155 5
156 5
157 6
158 6
159 5
160 5
161 6
162 5
163 6
164 6
165 5
166 6
167 6
168 5
169 6
170 5
171 6
172 6
173 6
174 6
175 4
176 5
177 5
178 5
179 6
180 4
181 5
182 5
183 5
184 6
185 5
186 5
187 6
188 6
189 5
190 5
191 6
192 6
193 6
194 7
195 5
196 6
197 6
198 5
199 6
200 4
201 5
202 5
203 5
204 5
205 5
206 5
207 5
208 6
209 6
210 5
211 6
212 6
213 6
214 6
215 5
216 5
217 6
218 6
219 6
220 5
221 6
222 6
223 6
224 6
225 4
226 5
227 5
228 5
229 6
230 5
231 5
232 6
233 6
234 5
235 5
236 6
237 6
238 6
239 7
240 5
241 6
242 6
243 5
244 6
245 6
246 6
247 7
248 6
249 6
250 4
251 5
252 5
253 5
254 5
255 5
256 5
257 6
258 6
259 6
260 5
261 6
262 6
263 6
264 6
265 5
266 6
267 6
268 6
269 7
270 5
271 6
272 6
273 6
274 6
275 5
276 6
277 6
278 6
279 6
280 5
281 6
282 6
283 6
284 6
285 6
286 6
287 7
288 6
289 7
290 6
291 7
292 7
293 7
294 7
295 6
296 7
297 6
298 7
299 7
300 4
301 5
302 5
303 5
304 6
305 5
306 5
307 6
308 6
309 5
310 5
311 6
312 6
313 6
314 7
315 5
316 6
317 6
318 6
319 7
320 6
321 6
322 7
323 7
324 5
325 5
326 6
327 6
328 6
329 7
330 5
331 6
332 6
333 6
334 7
335 6
336 6
337 7
338 7
339 6
340 6
341 7
342 6
343 7
344 7
345 5
346 6
347 6
348 6
349 7
350 5
351 6
352 6
353 6
354 6
355 6
356 6
357 7
358 7
359 7
360 5
361 6
362 6
363 6
364 6
365 6
366 6
367 7
368 7
369 6
370 6
371 7
372 6
373 7
374 7
375 4
376 5
377 5
378 5
379 6
380 5
381 5
382 6
383 6
384 5
385 5
386 6
387 6
388 6
389 7
390 5
391 6
392 6
393 6
394 7
395 6
396 6
397 7
398 7
399 6
400 5
401 6
402 6
403 6
404 6
405 5
406 6
407 6
408 6
409 7
410 6
411 6
412 6
413 7
414 6
415 6
416 7
417 7
418 7
419 8
420 5
421 6
422 6
423 6
424 7
425 5
426 6
427 6
428 6
429 6
430 6
431 7
432 6
433 7
434 7
435 6
436 7
437 7
438 7
439 8
440 6
441 7
442 7
443 7
444 7
445 7
446 7
447 8
448 7
449 8
450 5
451 6
452 6
453 6
454 6
455 6
456 6
457 7
458 7
459 6
460 6
461 7
462 6
463 7
464 7
465 6
466 7
467 7
468 6
469 7
470 6
471 7
472 7
473 7
474 7
475 6
476 7
477 6
478 7
479 7
480 6
481 7
482 7
483 7
484 7
485 7
486 6
487 7
488 7
489 7
490 7
491 8
492 7
493 8
494 8
495 6
496 7
497 7
498 7
499 8
500 4
501 5
502 5
503 5
504 6
505 5
506 6
507 6
508 6
509 7
510 5
511 6
512 6
513 6
514 7
515 5
516 6
517 6
518 6
519 7
520 6
521 7
522 7
523 7
524 7
525 5
526 6
527 6
528 6
529 7
530 6
531 6
532 7
533 7
534 6
535 6
536 7
537 7
538 7
539 8
540 5
541 6
542 6
543 6
544 7
545 6
546 6
547 7
548 7
549 6
550 5
551 6
552 6
553 6
554 7
555 6
556 7
557 7
558 6
559 7
560 6
561 7
562 7
563 7
564 7
565 6
566 7
567 6
568 7
569 7
570 6
571 7
572 7
573 7
574 8
575 5
576 6
577 6
578 6
579 7
580 6
581 7
582 7
583 7
584 8
585 6
586 7
587 7
588 7
589 8
590 6
591 7
592 7
593 7
594 6
595 7
596 7
597 7
598 8
599 8
600 5
601 6
602 6
603 6
604 6
605 6
606 6
607 7
608 7
609 6
610 6
611 7
612 6
613 7
614 7
615 6
616 7
617 7
618 6
619 7
620 6
621 6
622 7
623 7
624 7
625 4
626 5
627 5
628 5
629 6
630 5
631 6
632 6
633 6
634 7
635 5
636 6
637 6
638 6
639 7
640 5
641 6
642 6
643 6
644 7
645 6
646 7
647 7
648 6
649 7
650 5
651 6
652 6
653 6
654 7
655 6
656 7
657 7
658 7
659 8
660 6
661 7
662 7
663 7
664 7
665 6
666 7
667 7
668 7
669 7
670 7
671 8
672 7
673 8
674 8
675 5
676 6
677 6
678 6
679 7
680 6
681 6
682 7
683 7
684 6
685 6
686 7
687 7
688 7
689 8
690 6
691 7
692 7
693 6
694 7
695 7
696 7
697 8
698 8
699 7
700 5
701 6
702 6
703 6
704 7
705 6
706 7
707 7
708 7
709 8
710 6
711 7
712 7
713 7
714 7
715 6
716 7
717 7
718 7
719 8
720 6
721 7
722 7
723 7
724 7
725 6
726 7
727 7
728 7
729 6
730 7
731 7
732 7
733 8
734 8
735 7
736 8
737 8
738 7
739 8
740 7
741 8
742 8
743 8
744 7
745 8
746 8
747 7
748 8
749 8
750 5
751 6
752 6
753 6
754 6
755 6
756 6
757 7
758 7
759 6
760 6
761 7
762 6
763 7
764 7
765 6
766 7
767 7
768 6
769 7
770 6
771 7
772 7
773 7
774 7
775 6
776 7
777 7
778 7
779 8
780 6
781 7
782 7
783 7
784 7
785 7
786 7
787 8
788 8
789 7
790 7
791 8
792 7
793 8
794 8
795 6
796 7
797 7
798 7
799 8
800 6
801 7
802 7
803 7
804 7
805 7
806 7
807 8
808 7
809 8
810 6
811 7
812 7
813 7
814 7
815 7
816 7
817 8
818 8
819 7
820 7
821 8
822 7
823 8
824 7
825 6
826 7
827 7
828 7
829 8
830 7
831 7
832 8
833 8
834 7
835 7
836 8
837 7
838 8
839 8
840 6
841 7
842 7
843 7
844 7
845 7
846 7
847 8
848 8
849 7
850 6
851 7
852 7
853 7
854 7
855 7
856 7
857 8
858 7
859 8
860 7
861 8
862 8
863 8
864 7
865 7
866 8
867 8
868 8
869 9
870 7
871 8
872 8
873 8
874 8
875 5
876 6
877 6
878 6
879 7
880 6
881 7
882 7
883 7
884 8
885 6
886 7
887 7
888 7
889 8
890 6
891 7
892 7
893 7
894 8
895 7
896 8
897 8
898 8
899 9
900 5
901 6
902 6
903 6
904 7
905 6
906 6
907 7
908 7
909 6
910 6
911 7
912 7
913 7
914 8
915 6
916 7
917 7
918 6
919 7
920 7
921 7
922 8
923 8
924 7
925 6
926 7
927 6
928 7
929 7
930 6
931 7
932 7
933 7
934 8
935 7
936 7
937 8
938 8
939 7
940 7
941 8
942 8
943 8
944 8
945 6
946 7
947 7
948 7
949 8
950 6
951 7
952 7
953 7
954 7
955 7
956 8
957 8
958 8
959 9
960 7
961 8
962 8
963 7
964 8
965 7
966 8
967 8
968 8
969 8
970 8
971 9
972 6
973 7
974 7
975 6
976 7
977 7
978 7
979 8
980 7
981 7
982 8
983 8
984 7
985 7
986 8
987 8
988 8
989 9
990 6
991 7
992 7
993 7
994 8
995 7
996 7
997 8
998 8
999 7
3 2
4 24
5 132
6 306
7 326
8 105
9 5