100 8
101 9
102 9
103 10
104 8
105 9
106 9
107 10
108 9
109 10
110 10
111 11
112 8
113 9
114 9
115 10
116 9
117 10
118 10
119 11
120 9
121 10
122 10
123 11
124 10
125 11
126 11
127 12
128 7
129 8
130 8
131 9
132 8
133 9
134 9
135 10
136 8
137 9
138 9
139 10
140 9
141 10
142 10
143 11
144 8
145 9
146 9
147 10
148 9
149 10
150 10
151 11
152 9
153 10
154 10
155 11
156 10
157 11
158 11
159 12
160 8
161 9
162 9
163 10
164 9
165 10
166 10
167 11
168 9
169 10
170 10
171 11
172 10
173 11
174 11
175 12
176 9
177 10
178 10
179 11
180 10
181 11
182 11
183 12
184 10
185 11
186 11
187 12
188 11
189 12
190 12
191 13
192 8
193 9
194 9
195 10
196 9
197 10
198 10
199 11
200 9
201 10
202 10
203 11
204 10
205 11
206 11
207 12
208 9
209 10
210 10
211 11
212 10
213 11
214 11
215 12
216 10
217 11
218 11
219 12
220 11
221 12
222 12
223 13
224 9
225 10
226 10
227 11
228 10
229 11
230 11
231 12
232 10
233 11
234 11
235 12
236 11
237 12
238 12
239 13
240 10
241 11
242 11
243 12
244 11
245 12
246 12
247 13
248 11
249 12
250 12
251 13
252 12
253 13
254 13
255 14
256 8
257 9
258 9
259 10
260 9
261 10
262 10
263 11
264 9
265 10
266 10
267 11
268 10
269 11
270 11
271 12
272 9
273 10
274 10
275 11
276 10
277 11
278 11
279 12
280 10
281 11
282 11
283 12
284 11
285 12
286 12
287 13
288 9
289 10
290 10
291 11
292 10
293 11
294 11
295 12
296 10
297 11
298 11
299 12
300 11
301 12
302 12
303 13
304 10
305 11
306 11
307 12
308 11
309 12
310 12
311 13
312 11
313 12
314 12
315 13
316 12
317 13
318 13
319 14
320 9
321 10
322 10
323 11
324 10
325 11
326 11
327 12
328 10
329 11
330 11
331 12
332 11
333 12
334 12
335 13
336 10
337 11
338 11
339 12
340 11
341 12
342 12
343 13
344 11
345 12
346 12
347 13
348 12
349 13
350 13
351 14
352 10
353 11
354 11
355 12
356 11
357 12
358 12
359 13
360 11
361 12
362 12
363 13
364 12
365 13
366 13
367 14
368 11
369 12
370 12
371 13
372 12
373 13
374 13
375 14
376 12
377 13
378 13
379 14
380 13
381 14
382 14
383 15
384 9
385 10
386 10
387 11
388 10
389 11
390 11
391 12
392 10
393 11
394 11
395 12
396 11
397 12
398 12
399 13
400 10
401 11
402 11
403 12
404 11
405 12
406 12
407 13
408 11
409 12
410 12
411 13
412 12
413 13
414 13
415 14
416 10
417 11
418 11
419 12
420 11
421 12
422 12
423 13
424 11
425 12
426 12
427 13
428 12
429 13
430 13
431 14
432 11
433 12
434 12
435 13
436 12
437 13
438 13
439 14
440 12
441 13
442 13
443 14
444 13
445 14
446 14
447 15
448 10
449 11
450 11
451 12
452 11
453 12
454 12
455 13
456 11
457 12
458 12
459 13
460 12
461 13
462 13
463 14
464 11
465 12
466 12
467 13
468 12
469 13
470 13
471 14
472 12
473 13
474 13
475 14
476 13
477 14
478 14
479 15
480 11
481 12
482 12
483 13
484 12
485 13
486 13
487 14
488 12
489 13
490 13
491 14
492 13
493 14
494 14
495 15
496 12
497 13
498 13
499 14
500 13
501 14
502 14
503 15
504 13
505 14
506 14
507 15
508 14
509 15
510 15
511 16
512 9
513 10
514 10
515 11
516 10
517 11
518 11
519 12
520 10
521 11
522 11
523 12
524 11
525 12
526 12
527 13
528 10
529 11
530 11
531 12
532 11
533 12
534 12
535 13
536 11
537 12
538 12
539 13
540 12
541 13
542 13
543 14
544 10
545 11
546 11
547 12
548 11
549 12
550 12
551 13
552 11
553 12
554 12
555 13
556 12
557 13
558 13
559 14
560 11
561 12
562 12
563 13
564 12
565 13
566 13
567 14
568 12
569 13
570 13
571 14
572 13
573 14
574 14
575 15
576 10
577 11
578 11
579 12
580 11
581 12
582 12
583 13
584 11
585 12
586 12
587 13
588 12
589 13
590 13
591 14
592 11
593 12
594 12
595 13
596 12
597 13
598 13
599 14
600 12
601 13
602 13
603 14
604 13
605 14
606 14
607 15
608 11
609 12
610 12
611 13
612 12
613 13
614 13
615 14
616 12
617 13
618 13
619 14
620 13
621 14
622 14
623 15
624 12
625 13
626 13
627 14
628 13
629 14
630 14
631 15
632 13
633 14
634 14
635 15
636 14
637 15
638 15
639 16
640 10
641 11
642 11
643 12
644 11
645 12
646 12
647 13
648 11
649 12
650 12
651 13
652 12
653 13
654 13
655 14
656 11
657 12
658 12
659 13
660 12
661 13
662 13
663 14
664 12
665 13
666 13
667 14
668 13
669 14
670 14
671 15
672 11
673 12
674 12
675 13
676 12
677 13
678 13
679 14
680 12
681 13
682 13
683 14
684 13
685 14
686 14
687 15
688 12
689 13
690 13
691 14
692 13
693 14
694 14
695 15
696 13
697 14
698 14
699 15
700 14
701 15
702 15
703 16
704 11
705 12
706 12
707 13
708 12
709 13
710 13
711 14
712 12
713 13
714 13
715 14
716 13
717 14
718 14
719 15
720 12
721 13
722 13
723 14
724 13
725 14
726 14
727 15
728 13
729 14
730 14
731 15
732 14
733 15
734 15
735 16
736 12
737 13
738 13
739 14
740 13
741 14
742 14
743 15
744 13
745 14
746 14
747 15
748 14
749 15
750 15
751 16
752 13
753 14
754 14
755 15
756 14
757 15
758 15
759 16
760 14
761 15
762 15
763 16
764 15
765 16
766 16
767 17
768 10
769 11
770 11
771 12
772 11
773 12
774 12
775 13
776 11
777 12
778 12
779 13
780 12
781 13
782 13
783 14
784 11
785 12
786 12
787 13
788 12
789 13
790 13
791 14
792 12
793 13
794 13
795 14
796 13
797 14
798 14
799 15
800 11
801 12
802 12
803 13
804 12
805 13
806 13
807 14
808 12
809 13
810 13
811 14
812 13
813 14
814 14
815 15
816 12
817 13
818 13
819 14
820 13
821 14
822 14
823 15
824 13
825 14
826 14
827 15
828 14
829 15
830 15
831 16
832 11
833 12
834 12
835 13
836 12
837 13
838 13
839 14
840 12
841 13
842 13
843 14
844 13
845 14
846 14
847 15
848 12
849 13
850 13
851 14
852 13
853 14
854 14
855 15
856 13
857 14
858 14
859 15
860 14
861 15
862 15
863 16
864 12
865 13
866 13
867 14
868 13
869 14
870 14
871 15
872 13
873 14
874 14
875 15
876 14
877 15
878 15
879 16
880 13
881 14
882 14
883 15
884 14
885 15
886 15
887 16
888 14
889 15
890 15
891 16
892 15
893 16
894 16
895 17
896 11
897 12
898 12
899 13
900 12
901 13
902 13
903 14
904 12
905 13
906 13
907 14
908 13
909 14
910 14
911 15
912 12
913 13
914 13
915 14
916 13
917 14
918 14
919 15
920 13
921 14
922 14
923 15
924 14
925 15
926 15
927 16
928 12
929 13
930 13
931 14
932 13
933 14
934 14
935 15
936 13
937 14
938 14
939 15
940 14
941 15
942 15
943 16
944 13
945 14
946 14
947 15
948 14
949 15
950 15
951 16
952 14
953 15
954 15
955 16
956 15
957 16
958 16
959 17
960 12
961 13
962 13
963 14
964 13
965 14
966 14
967 15
968 13
969 14
970 14
971 15
972 14
973 15
974 15
975 16
976 13
977 14
978 14
979 15
980 14
981 15
982 15
983 16
984 14
985 15
986 15
987 16
988 15
989 16
990 16
991 17
992 13
993 14
994 14
995 15
996 14
997 15
998 15
999 16
7 1
8 11
9 39
10 82
11 132
12 176
13 189
14 153
15 85
16 28
17 4