100 4
101 8
102 7
103 5
104 6
105 5
106 5
107 7
108 5
109 6
110 6
111 8
112 7
113 7
114 7
115 5
116 7
117 5
118 8
119 8
120 5
121 9
122 8
123 8
124 8
125 3
126 6
127 9
128 7
129 6
130 5
131 8
132 7
133 6
134 8
135 4
136 8
137 9
138 6
139 9
140 6
141 8
142 9
143 7
144 6
145 6
146 7
147 7
148 9
149 8
150 4
151 10
152 8
153 7
154 10
155 7
156 6
157 11
158 9
159 5
160 6
161 10
162 5
163 7
164 9
165 6
166 7
167 10
168 7
169 8
170 7
171 7
172 7
173 8
174 7
175 5
176 8
177 8
178 8
179 9
180 5
181 9
182 9
183 8
184 7
185 8
186 8
187 8
188 9
189 6
190 7
191 10
192 7
193 8
194 10
195 5
196 8
197 11
198 7
199 9
200 5
201 8
202 9
203 6
204 8
205 8
206 6
207 6
208 7
209 7
210 6
211 8
212 6
213 9
214 8
215 6
216 6
217 9
218 7
219 7
220 7
221 8
222 9
223 8
224 8
225 4
226 8
227 9
228 8
229 9
230 6
231 10
232 8
233 7
234 6
235 8
236 9
237 9
238 9
239 10
240 6
241 10
242 10
243 5
244 9
245 7
246 9
247 10
248 9
249 7
250 4
251 10
252 7
253 5
254 10
255 7
256 8
257 11
258 7
259 9
260 6
261 7
262 9
263 7
264 8
265 5
266 7
267 8
268 9
269 8
270 5
271 10
272 9
273 9
274 10
275 6
276 7
277 11
278 10
279 8
280 7
281 11
282 9
283 8
284 10
285 7
286 8
287 11
288 7
289 9
290 7
291 10
292 8
293 8
294 8
295 8
296 10
297 7
298 9
299 11
300 5
301 10
302 11
303 9
304 9
305 8
306 8
307 10
308 11
309 6
310 8
311 12
312 7
313 9
314 12
315 6
316 10
317 13
318 6
319 11
320 7
321 8
322 11
323 8
324 6
325 5
326 8
327 7
328 10
329 9
330 7
331 11
332 8
333 9
334 11
335 8
336 8
337 12
338 9
339 8
340 8
341 10
342 8
343 9
344 8
345 6
346 9
347 9
348 8
349 10
350 6
351 6
352 9
353 7
354 9
355 9
356 9
357 9
358 10
359 10
360 6
361 11
362 10
363 10
364 10
365 7
366 9
367 11
368 8
369 9
370 9
371 9
372 9
373 10
374 9
375 4
376 10
377 10
378 7
379 11
380 8
381 10
382 11
383 9
384 8
385 10
386 9
387 7
388 11
389 10
390 6
391 12
392 9
393 9
394 12
395 9
396 8
397 13
398 10
399 7
400 6
401 11
402 9
403 7
404 10
405 5
406 7
407 11
408 9
409 8
410 9
411 10
412 7
413 10
414 7
415 7
416 8
417 10
418 8
419 9
420 7
421 9
422 9
423 9
424 7
425 7
426 10
427 8
428 9
429 8
430 7
431 10
432 7
433 8
434 10
435 7
436 8
437 11
438 8
439 9
440 8
441 8
442 9
443 9
444 10
445 8
446 9
447 9
448 9
449 10
450 5
451 10
452 9
453 11
454 10
455 9
456 9
457 11
458 10
459 8
460 7
461 11
462 11
463 8
464 9
465 8
466 8
467 10
468 7
469 9
470 9
471 12
472 10
473 10
474 10
475 7
476 10
477 6
478 11
479 11
480 7
481 12
482 11
483 11
484 11
485 10
486 6
487 12
488 10
489 8
490 8
491 11
492 10
493 9
494 11
495 7
496 10
497 12
498 8
499 11
500 5
501 11
502 11
503 6
504 8
505 9
506 6
507 9
508 11
509 7
510 8
511 12
512 9
513 8
514 12
515 6
516 8
517 13
518 10
519 9
520 7
521 11
522 8
523 8
524 10
525 6
526 8
527 11
528 9
529 9
530 6
531 9
532 8
533 7
534 9
535 8
536 10
537 10
538 9
539 11
540 6
541 10
542 11
543 10
544 10
545 7
546 10
547 11
548 11
549 9
550 7
551 12
552 8
553 8
554 12
555 9
556 11
557 13
558 9
559 12
560 8
561 9
562 12
563 9
564 10
565 8
566 9
567 7
568 11
569 10
570 8
571 12
572 9
573 11
574 12
575 6
576 8
577 13
578 10
579 9
580 8
581 11
582 11
583 9
584 9
585 6
586 9
587 10
588 9
589 10
590 9
591 12
592 11
593 10
594 8
595 9
596 10
597 10
598 12
599 11
600 6
601 13
602 11
603 9
604 12
605 10
606 10
607 13
608 10
609 7
610 9
611 11
612 9
613 10
614 11
615 9
616 12
617 12
618 7
619 13
620 9
621 7
622 13
623 10
624 8
625 4
626 10
627 8
628 13
629 11
630 7
631 14
632 11
633 9
634 14
635 10
636 7
637 15
638 12
639 10
640 8
641 13
642 9
643 9
644 12
645 7
646 9
647 13
648 7
649 10
650 6
651 10
652 9
653 7
654 8
655 9
656 11
657 8
658 10
659 12
660 8
661 11
662 12
663 9
664 9
665 7
666 10
667 10
668 12
669 9
670 9
671 13
672 9
673 10
674 13
675 5
676 10
677 14
678 9
679 11
680 9
681 10
682 11
683 10
684 9
685 10
686 10
687 10
688 9
689 11
690 7
691 10
692 10
693 11
694 10
695 10
696 9
697 11
698 11
699 8
700 7
701 12
702 7
703 8
704 10
705 9
706 8
707 11
708 10
709 9
710 10
711 10
712 10
713 11
714 10
715 8
716 11
717 11
718 11
719 12
720 7
721 12
722 12
723 11
724 11
725 7
726 11
727 12
728 11
729 6
730 8
731 12
732 10
733 9
734 12
735 8
736 9
737 13
738 10
739 10
740 10
741 11
742 10
743 11
744 10
745 9
746 11
747 8
748 10
749 12
750 5
751 11
752 11
753 11
754 11
755 11
756 8
757 12
758 12
759 6
760 9
761 13
762 11
763 10
764 12
765 8
766 10
767 13
768 9
769 11
770 11
771 12
772 10
773 12
774 8
775 8
776 12
777 10
778 11
779 13
780 7
781 12
782 13
783 8
784 10
785 12
786 10
787 11
788 13
789 8
790 10
791 14
792 9
793 11
794 14
795 6
796 11
797 15
798 8
799 12
800 7
801 9
802 12
803 8
804 10
805 11
806 8
807 9
808 11
809 9
810 6
811 12
812 8
813 11
814 12
815 8
816 10
817 13
818 9
819 10
820 10
821 10
822 11
823 11
824 8
825 7
826 11
827 9
828 8
829 12
830 8
831 12
832 9
833 9
834 11
835 11
836 9
837 9
838 10
839 10
840 8
841 11
842 10
843 12
844 10
845 9
846 10
847 11
848 8
849 9
850 8
851 9
852 11
853 9
854 9
855 8
856 10
857 10
858 9
859 11
860 8
861 12
862 11
863 9
864 8
865 9
866 9
867 10
868 11
869 10
870 8
871 12
872 9
873 11
874 12
875 6
876 9
877 13
878 10
879 9
880 9
881 11
882 9
883 10
884 10
885 9
886 10
887 11
888 11
889 11
890 9
891 8
892 10
893 10
894 10
895 10
896 10
897 12
898 11
899 11
900 6
901 12
902 11
903 11
904 10
905 10
906 12
907 11
908 11
909 10
910 10
911 12
912 10
913 11
914 12
915 9
916 11
917 13
918 9
919 12
920 8
921 11
922 12
923 9
924 12
925 9
926 9
927 7
928 10
929 10
930 9
931 11
932 9
933 13
934 11
935 9
936 8
937 12
938 10
939 10
940 10
941 11
942 13
943 11
944 11
945 7
946 11
947 12
948 11
949 12
950 8
951 14
952 11
953 9
954 7
955 11
956 12
957 12
958 12
959 13
960 8
961 13
962 13
963 9
964 12
965 9
966 12
967 13
968 12
969 9
970 11
971 13
972 7
973 12
974 13
975 6
976 11
977 14
978 9
979 12
980 9
981 8
982 12
983 10
984 11
985 12
986 10
987 10
988 12
989 11
990 8
991 13
992 11
993 12
994 13
995 10
996 9
997 14
998 12
999 10
3 1
4 7
5 25
6 55
7 96
8 141
9 171
10 156
11 128
12 77
13 33
14 8
15 2